1
Execution Order
{
0
5
6
4
3
1
2
8
7
}
Draw Order
{
4
6
5
0
8
2
1
3
7
}
Elements
{
0
Body
[
180
272
0
0
0
0
0.25
0.25
0
-1
800
501
482
523
]
1
Head
[
144
423
176
35
-1.5
0
0.25
0.25
0
0
828
35
294
449
]
2
Hat
[
303
432
168.094
95.8594
0
0
0.25
0.25
0
1
181
23
617
541
]
3
FrontArm
[
72
51
258
213
0
0
0.25
0.25
0
0
537
689
183
326
]
4
BackArm
[
385
264
105
136
0
0
0.25
0.25
0
0
27
626
433
433
]
5
FrontShoe
[
264
40
268
494
0
0
0.25
0.25
0
0
796
1076
339
152
]
6
BackShoe
[
264
40
108
446
0
0
0.25
0.25
0
0
796
1076
339
152
]
7
FrontBigode
[
40
32
140
284
0
0
0.25
0.25
0
1
33
169
115
167
]
8
BackBigode
[
40
32
116
276
0
0
0.25
0.25
36.7222
1
33
169
115
167
]
}
