1
Execution Order
{
0
6
7
5
8
4
3
11
2
1
10
9
}
Draw Order
{
4
6
7
5
10
8
2
0
1
9
11
3
}
Elements
{
0
Body
[
234
235
0
0
0
0
0.25
0.25
0
-1
22
507
476
474
]
1
Head
[
181
350
117.289
67.8438
0
0
0.25
0.25
0
0
56
41
339
430
]
2
Tail
[
100
279
408
259
0
0
0.25
0.25
0
0
528
555
455
524
]
3
FrontArm
[
297
121
209
221
0
0
0.25
0.25
0
0
466
255
343
249
]
4
BackArm
[
297
115
141
183
0
0
0.25
0.25
0
0
466
255
343
249
]
5
FrontLeg
[
109
27
356.07
419.383
0
0
0.25
0.25
0
0
101
973
129
193
]
6
BackLeg
[
111
32
207
388
0
0
0.25
0.25
0
0
101
973
129
193
]
7
BackShoe
[
152
23
28
167
0
0
0.25
0.25
0
6
16
1204
241
216
]
8
FrontShoe
[
154
25
34
165
0
0
0.25
0.25
0
5
16
1204
241
216
]
9
FrontBigode
[
44
40
140
316
0
0
0.25
0.25
0
1
805
37
126
149
]
10
BackBigode
[
35
37
75
305
0
0
0.25
0.25
47.3859
1
805
37
126
149
]
11
Sniper
[
411
166
39
38
0
0
0.25
0.25
0
3
426
1109
800
307
]
}
