BPS
4
Nota 0
2
-22.7933
2.24667
Nota 1
0
-25.06
1
Nota 2
0
-27.36
1
Nota 3
2
-29.3267
1.98667
Nota 4
0
-31.6333
1
Nota 5
0
-33.9133
1
Nota 6
2
-35.9
1.96666
Nota 7
0
-38.2
1
Nota 8
0
-40.48
1
Nota 9
2
-42.3467
1.83334
Nota 10
0
-44.6267
1
Nota 11
3
-49.4867
2.05999
Nota 12
3
-56.04
3.70667
Nota 13
3
-63.22
4.22001
Nota 14
2
-67.66
3.93333
Nota 15
0
-67.68
3.90667
Nota 16
1
-68.8933
1
Nota 17
1
-23.8933
1
Nota 18
1
-26.2
1
Nota 19
1
-30.5
1
Nota 20
1
-32.7533
1
Nota 21
1
-37.06
1
Nota 22
1
-39.2867
1
Nota 23
1
-43.4667
1
Nota 24
3
-45.7067
1
Nota 25
3
-47
1
Nota 26
3
-52.0933
1
Nota 27
3
-50.8333
1
Nota 28
3
-58.8067
1
Nota 29
3
-57.5867
1
Nota 30
3
-74.8134
1.66667
Nota 31
1
-76
1
Nota 32
1
-82.4356
1
Nota 33
1
-101.813
1
Nota 34
1
-108.764
1
Nota 35
1
-115.2
1
Nota 36
1
-121.658
1
Nota 37
1
-130.902
1
Nota 38
1
-134.578
1
Nota 39
1
-141.236
1
Nota 40
1
-147.582
0.982224
Nota 41
1
-154
1
Nota 42
1
-160.809
1
Nota 43
1
-167
1
Nota 44
1
-169.747
1
Nota 45
1
-173.907
1
Nota 46
1
-183
1
Nota 47
1
-187
1
Nota 48
1
-193.209
1
Nota 49
1
-199.573
1
Nota 50
1
-206
1
Nota 51
1
-213
1
Nota 52
1
-222
1
Nota 53
1
-228
1
Nota 54
1
-238.498
1
Nota 55
1
-245
1
Nota 56
1
-251.933
1
Nota 57
1
-258
1
Nota 58
1
-264.92
1
Nota 59
1
-274
1
Nota 60
1
-278
1
Nota 61
1
-287
1
Nota 62
1
-291
1
Nota 63
1
-297
1
Nota 64
1
-304
1
Nota 65
1
-310
1
Nota 66
1
-317
1
Nota 67
1
-323
1
Nota 68
1
-330
1
Nota 69
1
-340
1
Nota 70
1
-346
1
Nota 71
1
-353
1
Nota 72
1
-359
1
Nota 73
1
-368
1
Nota 74
1
-373
1
Nota 75
1
-378
1
Nota 76
1
-385
1
Nota 77
1
-392
1
Nota 78
1
-395
1
Nota 79
1
-399
1
Nota 80
1
-405
1
Nota 81
1
-411
1
Nota 82
1
-420
1
Nota 83
1
-427.458
0.955566
Nota 84
1
-434
1
Nota 85
1
-438
1
Nota 86
1
-444.24
1
Nota 87
1
-450.556
1
Nota 88
1
-457
1
Nota 89
1
-463.382
1
Nota 90
1
-470
1
Nota 91
1
-476.36
1
Nota 92
1
-483
1
Nota 93
1
-490
1
Nota 94
1
-496.293
1
Nota 95
1
-503
1
Nota 96
1
-512
1
Nota 97
1
-516
1
Nota 98
1
-523
1
Nota 99
1
-529
1
Nota 100
1
-535
1
Nota 101
1
-542
1
Nota 102
1
-548
1
Nota 103
1
-555
1
Nota 104
1
-561
1
Nota 105
1
-568
1
Nota 106
1
-574
1
Nota 107
1
-581
1
Nota 108
1
-590
1
Nota 109
1
-91
1
Nota 110
1
-95.5867
1
Nota 111
1
-232
1
Nota 112
1
-424.316
3.06668
Nota 113
2
-424.311
3.06219
Nota 114
0
-426.391
1.86667
Nota 115
0
-432.8
1.74222
Nota 116
0
-510.884
1.64444
Nota 117
3
-506.702
1
Nota 118
2
-507.867
1
Nota 119
1
-509.076
1
Nota 120
2
-514.778
2.44
Nota 121
3
-518.693
2.50226
Nota 122
2
-521.72
2.72003
Nota 123
3
-525.524
2.33777
Nota 124
2
-527.822
2.12
Nota 125
3
-531.182
2.04443
Nota 126
2
-533.804
2.37775
Nota 127
3
-538.08
2.83105
Nota 128
2
-540.84
2.34668
Nota 129
3
-544.658
2.35114
Nota 130
2
-546.813
2
Nota 131
3
-550.8
2.46667
Nota 132
2
-553.769
2.76892
Nota 133
3
-557.511
2.27106
Nota 134
2
-559.796
2.16449
Nota 135
3
-563.809
2.67102
Nota 136
2
-566.791
2.8222
Nota 137
3
-570.547
2.31555
Nota 138
2
-572.809
2.07562
Nota 139
3
-576.8
2.61334
Nota 140
2
-579.809
2.79999
Nota 141
3
-583.698
2.50671
Nota 142
0
-586.396
1.39557
Nota 143
1
-587.787
1.35114
Nota 144
2
-589.422
1.50665
Nota 145
0
-597.018
7.16888
Nota 146
1
-597.031
5.21338
Nota 147
2
-597.031
5.21332
Nota 148
0
-602.507
0.799988
Nota 149
1
-603.587
0.795593
Nota 150
2
-608.373
4.53778
Nota 151
1
-77.2578
1
Nota 152
1
-70.3378
1
Nota 153
2
-71.6044
1
Nota 154
0
-72.8356
1
Nota 155
2
-78.4489
0.995552
Nota 156
0
-79.6756
1
Nota 157
3
-81.2222
1.47556
Nota 158
1
-83.7867
1
Nota 159
2
-87.4445
3.29778
Nota 160
3
-87.4444
3.29333
Nota 161
0
-89.8222
1.82222
Nota 162
2
-94.3556
3.2
Nota 163
3
-98.0933
2.29778
Nota 164
2
-100.707
2.36444
Nota 165
3
-104.747
2.74667
Nota 166
2
-107.613
2.66222
Nota 167
3
-111.48
2.47556
Nota 168
2
-114.009
2.35555
Nota 169
3
-117.831
2.46222
Nota 170
2
-120.462
2.46667
Nota 171
3
-124.498
2.66667
Nota 172
2
-127.791
2.79111
Nota 173
3
-127.796
2.79556
Nota 174
0
-129.716
1.71555
Nota 175
1
-135.88
1
Nota 176
0
-137.142
1
Nota 177
2
-138.329
1
Nota 178
3
-140.009
1.52446
Nota 179
1
-142.538
1
Nota 180
0
-143.791
1
Nota 181
2
-144.956
1
Nota 182
3
-146.52
1.42221
Nota 183
1
-148.8
1
Nota 184
0
-150
1
Nota 185
2
-151.16
1
Nota 186
3
-152.867
1.52888
Nota 187
1
-155.209
1
Nota 188
0
-156.418
1
Nota 189
2
-157.587
1
Nota 190
3
-159.524
1.78223
Nota 191
1
-162
1
Nota 192
0
-163.209
1
Nota 193
2
-164.413
1
Nota 194
3
-165.844
1.30223
Nota 195
2
-168.333
1
Nota 196
1
-172.716
2.71556
Nota 197
2
-172.716
2.71556
Nota 198
1
-175.191
1
Nota 199
0
-176.462
1
Nota 200
2
-177.6
1
Nota 201
3
-180.022
2.24889
Nota 202
2
-180.022
2.24889
Nota 203
0
-181.862
1.70222
Nota 204
1
-185.751
2.51556
Nota 205
2
-185.751
2.51555
Nota 206
1
-188.209
1
Nota 207
0
-189.396
1
Nota 208
2
-190.582
1
Nota 209
3
-192.049
1.34222
Nota 210
1
-194.436
1
Nota 211
0
-195.636
1
Nota 212
2
-196.849
1
Nota 213
3
-198.378
1.37778
Nota 214
1
-200.787
1
Nota 215
0
-202
1
Nota 216
2
-203.227
1
Nota 217
3
-204.84
1.44444
Nota 218
1
-207.191
1
Nota 219
0
-208.382
1
Nota 220
2
-209.658
1
Nota 221
3
-211.667
1.83112
Nota 222
1
-214.24
1
Nota 223
0
-215.413
1
Nota 224
2
-216.622
1
Nota 225
3
-219.28
2.1111
Nota 226
2
-219.276
2.10667
Nota 227
0
-220.871
1.44446
Nota 228
1
-225.404
2.72444
Nota 229
2
-225.409
2.72443
Nota 230
0
-226.88
1.36
Nota 231
1
-230.818
2.56
Nota 232
1
-233.293
1
Nota 233
0
-234.449
1
Nota 234
2
-235.716
1
Nota 235
3
-237.324
1.46222
Nota 236
1
-239.751
1
Nota 237
0
-240.996
1
Nota 238
2
-242.156
1
Nota 239
3
-243.818
1.53333
Nota 240
1
-246.222
1
Nota 241
0
-247.431
1
Nota 242
2
-248.618
1
Nota 243
3
-250.693
1.94221
Nota 244
1
-253.124
1
Nota 245
0
-254.253
1
Nota 246
2
-255.418
1
Nota 247
3
-256.876
1.29778
Nota 248
1
-259.222
1
Nota 249
0
-260.422
1
Nota 250
2
-261.604
1
Nota 251
3
-263.573
1.80444
Nota 252
1
-266.102
1
Nota 253
0
-267.284
1
Nota 254
2
-268.493
1
Nota 255
3
-271.093
2.26666
Nota 256
2
-271.089
2.26221
Nota 257
0
-272.849
1.54221
Nota 258
1
-276.818
2.61331
Nota 259
2
-276.818
2.61331
Nota 260
1
-279.276
1
Nota 261
0
-280.44
1
Nota 262
2
-281.689
1
Nota 263
0
-285.84
1.41333
Nota 264
2
-284.258
2.31558
Nota 265
3
-284.258
2.31555
Nota 266
1
-289.698
2.31555
Nota 267
3
-292.471
1
Nota 268
3
-293.604
1
Nota 269
3
-294.782
1
Nota 270
3
-298.351
1
Nota 271
3
-300.778
1
Nota 272
3
-305.422
1
Nota 273
3
-306.609
1
Nota 274
3
-307.791
1
Nota 275
3
-311.418
1
Nota 276
3
-312.631
1
Nota 277
3
-313.831
1
Nota 278
3
-320.942
1
Nota 279
3
-324.72
1
Nota 280
3
-327.133
1
Nota 281
3
-331.498
1
Nota 282
3
-332.72
1
Nota 283
3
-299.542
1
Nota 284
3
-319.756
1
Nota 285
3
-318.578
1
Nota 286
3
-325.938
1
Nota 287
3
-333.933
1
Nota 288
2
-338.662
2.66223
Nota 289
3
-342.453
2.24445
Nota 290
2
-344.782
2.18222
Nota 291
3
-348.902
2.76001
Nota 292
2
-351.849
2.65778
Nota 293
3
-355.52
2.39111
Nota 294
2
-357.84
2.17334
Nota 295
3
-361.316
2.17334
Nota 296
2
-364.756
2.98221
Nota 297
3
-364.756
2.98224
Nota 298
0
-366.862
1.60886
Nota 299
1
-371.853
3.20447
Nota 300
3
-374.231
1
Nota 301
3
-375.409
1
Nota 302
3
-376.582
1
Nota 303
3
-380.098
1
Nota 304
3
-381.311
1
Nota 305
3
-382.516
1
Nota 306
3
-386.471
1
Nota 307
3
-387.636
1
Nota 308
3
-388.804
1
Nota 309
3
-406.382
1
Nota 310
3
-407.604
1
Nota 311
3
-408.791
1
Nota 312
3
-412.396
1
Nota 313
3
-413.6
1
Nota 314
3
-414.796
1
Nota 315
0
-393.76
1.56
Nota 316
1
-397.853
2.31555
Nota 317
3
-400.702
1
Nota 318
3
-403.067
1
Nota 319
3
-401.889
1
Nota 320
0
-418.849
1.51111
Nota 321
2
-417.191
2.07999
Nota 322
3
-417.191
2.08444
Nota 323
3
-430.413
2.66669
Nota 324
1
-436.813
2.44446
Nota 325
1
-439.253
1
Nota 326
0
-440.413
1
Nota 327
2
-441.533
1
Nota 328
3
-443.098
1.39554
Nota 329
1
-445.427
1
Nota 330
0
-446.591
1
Nota 331
2
-447.707
1
Nota 332
3
-449.364
1.50665
Nota 333
1
-451.738
1
Nota 334
0
-452.942
1
Nota 335
2
-454.116
1
Nota 336
3
-455.836
1.55112
Nota 337
1
-458.2
1
Nota 338
0
-459.373
1
Nota 339
2
-460.538
1
Nota 340
3
-462.191
1.5289
Nota 341
1
-464.618
1
Nota 342
0
-465.782
1
Nota 343
2
-466.929
1
Nota 344
3
-468.787
1.66223
Nota 345
1
-471.187
1
Nota 346
0
-472.378
1
Nota 347
2
-473.529
1
Nota 348
3
-475.222
1.51999
Nota 349
1
-477.569
1
Nota 350
0
-478.778
1
Nota 351
2
-479.947
1
Nota 352
3
-481.756
1.61331
Nota 353
1
-484.173
1
Nota 354
0
-485.378
1
Nota 355
2
-486.556
1
Nota 356
3
-488.742
2
Nota 357
0
-492.173
1.82666
Nota 358
2
-493.724
1.83554
Nota 359
3
-501.715
8.44434
Nota 360
1
-504.28
1
Nota 361
0
-505.689
1
End
