BPS
4
Nota 0
0
-40
1
Nota 1
0
-42
1
Nota 2
0
-48.48
1
Nota 3
0
-49.9911
1
Nota 4
0
-55.8134
1
Nota 5
0
-57.2311
1
Nota 6
0
-78.2978
1
Nota 7
0
-79.5467
1
Nota 8
0
-153.462
1
Nota 9
0
-174.52
1
Nota 10
0
-176
1
Nota 11
0
-197.591
1
Nota 12
0
-199
1
Nota 13
0
-212
1
Nota 14
0
-214
1
Nota 15
0
-219.818
1
Nota 16
0
-221.298
1
Nota 17
0
-227
1
Nota 18
0
-228.582
1
Nota 19
0
-234.564
1
Nota 20
0
-236.022
1
Nota 21
0
-248.409
1
Nota 22
0
-250
1
Nota 23
0
-257.733
1
Nota 24
0
-265.293
1
Nota 25
0
-271.8
1
Nota 26
0
-279
1
Nota 27
0
-280.409
1
Nota 28
0
-286.578
1
Nota 29
0
-287.956
1
Nota 30
0
-302.267
1
Nota 31
0
-316.333
1
Nota 32
0
-317.8
1
Nota 33
0
-324.147
1
Nota 34
0
-325.48
1
Nota 35
0
-331
1
Nota 36
0
-332.382
1
Nota 37
0
-338.538
1
Nota 38
0
-339.951
1
Nota 39
0
-360
1
Nota 40
0
-361.778
1
Nota 41
0
-368
1
Nota 42
0
-369.56
1
Nota 43
0
-375.182
1
Nota 44
0
-376.924
1
Nota 45
0
-382.756
1
Nota 46
0
-384.351
1
Nota 47
0
-390.2
1
Nota 48
0
-391.8
1
Nota 49
0
-397.823
1
Nota 50
0
-399.515
1
Nota 51
0
-406.689
1
Nota 52
0
-413.551
1
Nota 53
0
-426.453
1
Nota 54
0
-428
1
Nota 55
0
-450
1
Nota 56
0
-451.733
1
Nota 57
0
-464.729
1
Nota 58
0
-466.302
1
Nota 59
0
-472
1
Nota 60
0
-473.467
1
Nota 61
0
-479.369
1
Nota 62
0
-480.929
1
Nota 63
0
-486.649
1
Nota 64
0
-488.44
1
Nota 65
0
-500.862
1
Nota 66
0
-502.724
1
Nota 67
0
-509.818
1
Nota 68
0
-518
1
Nota 69
0
-524.507
1
Nota 70
0
-531.591
1
Nota 71
0
-533.124
1
Nota 72
0
-538.951
1
Nota 73
0
-540.538
1
Nota 74
0
-546.862
1
Nota 75
0
-548.418
1
Nota 76
0
-560.969
1
Nota 77
0
-562.658
1
Nota 78
0
-569.187
1
Nota 79
0
-583.804
1
Nota 80
0
-585.298
1
Nota 81
0
-591.08
1
Nota 82
0
-592.533
1
Nota 83
0
-598.56
1
Nota 84
0
-600.147
1
Nota 85
0
-62.7822
1
Nota 86
0
-64.2844
1
Nota 87
2
-7.6
1.81333
Nota 88
3
-8.70222
1
Nota 89
3
-9.83556
1
Nota 90
3
-11
1
Nota 91
3
-12.12
1
Nota 92
3
-13.2444
1
Nota 93
3
-14.3778
1
Nota 94
3
-15.4889
1
Nota 95
3
-16.5956
1
Nota 96
3
-17.7156
1
Nota 97
2
-20.4089
2.40889
Nota 98
1
-20.4089
2.40889
Nota 99
3
-2.24889
1.67111
Nota 100
0
-4.33778
1.93333
Nota 101
3
-4.27111
1
Nota 102
0
-5.58222
1
Nota 103
3
-22.2889
1.50222
Nota 104
0
-23.6667
1.66667
Nota 105
3
-24.5022
1
Nota 106
0
-25.0622
1
Nota 107
2
-27.08
1.88889
Nota 108
2
-36.4533
9.05333
Nota 109
3
-34.7822
7.38667
Nota 110
1
-45.0222
17.6267
Nota 111
3
-46.9733
2.60889
Nota 112
3
-53.8222
2.82222
Nota 113
3
-60.9422
1.88
Nota 114
3
-66.7511
1
Nota 115
2
-68.24
1
Nota 116
1
-69.7022
1
Nota 117
2
-71.0844
1
Nota 118
2
-74
1
Nota 119
2
-77.4933
1
Nota 120
2
-79.0133
1
Nota 121
2
-89
1
Nota 122
2
-92.5956
1
Nota 123
2
-94.0978
1
Nota 124
2
-95.5778
1
Nota 125
2
-99.5822
1
Nota 126
2
-101.031
1
Nota 127
2
-103.049
1
Nota 128
2
-107.502
1
Nota 129
2
-108.924
1
Nota 130
2
-110.298
1
Nota 131
2
-116.391
1
Nota 132
2
-122
1
Nota 133
2
-124
1
Nota 134
2
-125.644
1
Nota 135
2
-129.724
1
Nota 136
2
-131.52
1
Nota 137
2
-133.573
1
Nota 138
2
-137
1
Nota 139
2
-138.658
1
Nota 140
2
-140.48
1
Nota 141
2
-176.831
14.2667
Nota 142
2
-192.676
1
Nota 143
2
-196.511
1
Nota 144
2
-197.991
1
Nota 145
2
-208
1
Nota 146
2
-211.444
1
Nota 147
2
-212.924
1
Nota 148
2
-214.431
1
Nota 149
2
-219
1
Nota 150
2
-220.462
1
Nota 151
2
-221.956
1
Nota 152
2
-226.436
1
Nota 153
2
-227.96
1
Nota 154
2
-229.444
1
Nota 155
2
-234
1
Nota 156
2
-235.502
1
Nota 157
2
-248.378
12.3111
Nota 158
2
-267.053
1
Nota 159
2
-271
1
Nota 160
2
-272.52
1
Nota 161
2
-274.014
1
Nota 162
2
-278.311
1
Nota 163
2
-279.684
1
Nota 164
2
-281.058
1
Nota 165
2
-287.258
1
Nota 166
2
-288.6
1
Nota 167
2
-305.676
10.1288
Nota 168
2
-311.591
1
Nota 169
2
-323.542
1
Nota 170
2
-324.898
1
Nota 171
2
-326.276
1
Nota 172
2
-330.484
1
Nota 173
2
-331.84
1
Nota 174
2
-333.293
1
Nota 175
2
-337.862
1
Nota 176
2
-339.276
1
Nota 177
2
-340.729
1
Nota 178
2
-346.427
1
Nota 179
2
-352.466
1
Nota 180
2
-355.871
1
Nota 181
2
-359.231
1
Nota 182
2
-360.987
1
Nota 183
2
-362.822
1
Nota 184
2
-367
1
Nota 185
2
-368.591
1
Nota 186
2
-370.249
1
Nota 187
2
-374.502
1
Nota 188
2
-376.173
1
Nota 189
2
-377.876
1
Nota 190
2
-381.858
1
Nota 191
2
-383.533
1
Nota 192
2
-389.387
1
Nota 193
2
-391.009
1
Nota 194
2
-392.693
1
Nota 195
2
-397
1
Nota 196
2
-398.676
1
Nota 197
2
-409.364
9.67118
Nota 198
2
-449.338
1
Nota 199
2
-450.813
1
Nota 200
2
-452.453
1
Nota 201
2
-463.818
1
Nota 202
2
-465.467
1
Nota 203
2
-467.138
1
Nota 204
2
-471.271
1
Nota 205
2
-472.787
1
Nota 206
2
-474.236
1
Nota 207
2
-478.68
1
Nota 208
2
-480.138
1
Nota 209
2
-481.653
1
Nota 210
2
-485.751
1
Nota 211
2
-487.502
1
Nota 212
2
-499.769
11.4978
Nota 213
2
-513.245
9.24451
Nota 214
2
-520
1
Nota 215
2
-523.72
1
Nota 216
2
-525.289
1
Nota 217
2
-526.729
1
Nota 218
2
-530.787
1
Nota 219
2
-532.333
1
Nota 220
2
-533.876
1
Nota 221
2
-538
1
Nota 222
2
-539.733
1
Nota 223
2
-541.453
1
Nota 224
2
-546
1
Nota 225
2
-547.644
1
Nota 226
2
-557.449
9.14667
Nota 227
2
-574.64
11.64
Nota 228
2
-579.031
1
Nota 229
2
-582.987
1
Nota 230
2
-584.533
1
Nota 231
2
-586.093
1
Nota 232
2
-590.253
1
Nota 233
2
-591.782
1
Nota 234
2
-593.329
1
Nota 235
2
-597.742
1
Nota 236
2
-599.338
1
Nota 237
2
-601.009
1
Nota 238
2
-620.249
12.249
Nota 239
2
-47.9156
1
Nota 240
2
-50.7244
1
Nota 241
2
-58.1422
1
Nota 242
2
-63.5422
1
Nota 243
2
-114.844
1
Nota 244
2
-117.907
1
Nota 245
2
-80.5156
1
Nota 246
2
-158.253
10.5556
Nota 247
1
-158.253
10.56
Nota 248
1
-176.831
14.2622
Nota 249
3
-188.538
11.5378
Nota 250
2
-189.724
1
Nota 251
1
-191.369
1.45334
Nota 252
1
-201.649
1.9111
Nota 253
3
-206.916
3.55554
Nota 254
3
-231.769
2.12889
Nota 255
1
-251.316
15.2489
Nota 256
2
-261.204
9.87556
Nota 257
3
-265.289
3.67111
Nota 258
2
-285.902
1
Nota 259
3
-310.027
4.02667
Nota 260
0
-310.071
1
Nota 261
2
-315.596
1
Nota 262
2
-317.102
1
Nota 263
2
-318.542
1
Nota 264
2
-344.907
1
Nota 265
0
-345.636
1
Nota 266
0
-347.173
1
Nota 267
2
-347.956
1
Nota 268
2
-49.3422
1
Nota 269
2
-55.1022
1
Nota 270
2
-56.6311
1
Nota 271
2
-65.0267
1
Nota 272
2
-62.0578
1
Nota 273
3
-413.524
3.3866
Nota 274
1
-414.409
7.20893
Nota 275
2
-428.382
13.7244
Nota 276
1
-428.378
13.72
Nota 277
3
-430.227
1.68448
Nota 278
0
-431.996
1.65778
Nota 279
3
-433.053
1
Nota 280
0
-434.156
1
Nota 281
2
-443.724
7.71112
Nota 282
1
-438.498
3.94226
Nota 283
3
-441.382
4.82669
Nota 284
1
-445.289
1
Nota 285
3
-76.1733
1.96445
Nota 286
3
-82.5333
1.77778
Nota 287
3
-91.3956
1
Nota 288
3
-98.44
1
Nota 289
3
-101.947
1.91557
Nota 290
3
-106.12
1
Nota 291
3
-121
1
Nota 292
3
-128
1
Nota 293
3
-136
1
Nota 294
3
-143
1
Nota 295
3
-144.133
1
Nota 296
3
-192.676
1
Nota 297
3
-195.409
1
Nota 298
3
-210.258
1
Nota 299
3
-216.533
1.90222
Nota 300
3
-225.276
1
Nota 301
3
-233
1
Nota 302
3
-235.511
1.67999
Nota 303
3
-237.067
1
Nota 304
3
-267.053
1
Nota 305
3
-269.871
1
Nota 306
3
-277
1
Nota 307
3
-283.249
1.93332
Nota 308
3
-284.72
1
Nota 309
3
-104.187
1
Nota 310
3
-113.547
1
Nota 311
3
-116.151
1.52445
Nota 312
3
-131.364
1.54222
Nota 313
3
-146.373
1.88889
Nota 314
3
-217.804
1
Nota 315
0
-273.293
1
Nota 316
3
-313.4
1.67111
Nota 317
3
-314.524
1
Nota 318
3
-321
1.96442
Nota 319
3
-322.382
1
Nota 320
3
-328.2
1.76443
Nota 321
3
-329.378
1
Nota 322
3
-335.493
2.00443
Nota 323
3
-336.72
1
Nota 324
3
-343.769
1
Nota 325
3
-342.609
1.70221
Nota 326
2
-354.102
1
Nota 327
3
-349.924
1.70667
Nota 328
3
-351.12
1
Nota 329
3
-354.102
1.56
Nota 330
3
-358
1
Nota 331
3
-364.796
1.79556
Nota 332
3
-365.889
1
Nota 333
3
-372.098
1.62222
Nota 334
3
-373.338
1
Nota 335
3
-379.658
1.61334
Nota 336
3
-380.782
1
Nota 337
2
-385.187
1
Nota 338
3
-386.947
1.58224
Nota 339
3
-388.124
1
Nota 340
3
-395.867
1
Nota 341
3
-394.756
1.88889
Nota 342
3
-446.996
1.6311
Nota 343
3
-448.209
1
Nota 344
2
-459.809
1
Nota 345
3
-461.604
1.60446
Nota 346
3
-462.711
1
Nota 347
3
-470
1
Nota 348
3
-468.871
1.56891
Nota 349
3
-477.498
1
Nota 350
3
-476.36
1.92444
Nota 351
3
-484.662
1
Nota 352
3
-483.52
1.66666
Nota 353
1
-503.924
12.9244
Nota 354
1
-520
9.23108
Nota 355
3
-518.653
5.16888
Nota 356
3
-521.449
1.43561
Nota 357
3
-522.587
1
Nota 358
0
-526.049
1
Nota 359
3
-529.64
1
Nota 360
3
-528.498
1.62225
Nota 361
3
-536.884
1
Nota 362
3
-535.787
1.75555
Nota 363
3
-543.627
1.91559
Nota 364
3
-544.813
1
Nota 365
1
-562.987
12.6755
Nota 366
1
-577.889
7.27106
Nota 367
3
-580.68
1.48895
Nota 368
3
-581.844
1
Nota 369
3
-588.013
1.76892
Nota 370
3
-589.138
1
Nota 371
3
-595.453
1.95123
Nota 372
3
-596.591
1
Nota 373
2
-604.213
1
Nota 374
3
-603.2
1
Nota 375
3
-605.227
1
Nota 376
1
-607.987
2.46667
End
