BPS
4
Nota 0
1
-15
1
Nota 1
0
-16
1
Nota 2
1
-17
1
Nota 3
0
-18
1
Nota 4
1
-19
1
Nota 5
0
-20
1
Nota 6
1
-22.5267
2.51333
Nota 7
2
-23.5467
1
Nota 8
2
-25.58
1
Nota 9
0
-31.0667
1
Nota 10
1
-30.0467
1
Nota 11
0
-33.1067
1
Nota 12
1
-32.0867
1
Nota 13
0
-35.1533
1
Nota 14
1
-53
1
Nota 15
0
-54
1
Nota 16
1
-55
1
Nota 17
0
-56
1
Nota 18
1
-57
1
Nota 19
0
-58
1
Nota 20
1
-59
1
Nota 21
0
-60
1
Nota 22
1
-61
1
Nota 23
0
-62
1
Nota 24
1
-64.0133
2.01333
Nota 25
3
-66.0467
1
Nota 26
2
-73.04
1
Nota 27
3
-72.0133
0.993332
Nota 28
3
-24.58
1
Nota 29
3
-26.5867
1
Nota 30
2
-29.0067
2.40667
Nota 31
1
-34.1333
1
Nota 32
3
-41.3467
1
Nota 33
2
-42.36
1
Nota 34
3
-43.4
1
Nota 35
2
-44.4267
1
Nota 36
3
-45.4267
0.98
Nota 37
2
-46.4467
1
Nota 38
3
-47.48
1
Nota 39
3
-49.54
1
Nota 40
2
-40.3067
1
Nota 41
2
-48.4933
1
Nota 42
2
-51.9467
2.38667
Nota 43
1
-37.16
1.98667
Nota 44
3
-39.28
1
Nota 45
2
-65.0333
1
Nota 46
3
-68.0133
1
Nota 47
2
-67
1
Nota 48
2
-69
1
Nota 49
3
-70
1
Nota 50
2
-71
1
Nota 51
3
-74.0533
1
Nota 52
2
-76.2667
2.20667
Nota 53
1
-77.28
1
Nota 54
0
-78.3133
1
Nota 55
1
-79.3467
1
Nota 56
0
-80.3733
1
Nota 57
1
-81.3933
1
Nota 58
0
-82.4
1
Nota 59
1
-83.4067
1
Nota 60
0
-84.42
1
Nota 61
1
-86.4667
2.02666
Nota 62
2
-87.48
1
Nota 63
3
-88.6333
1
Nota 64
2
-89.6933
1
Nota 65
3
-90.7333
1
Nota 66
2
-91.7733
1
Nota 67
3
-92.8267
1
Nota 68
2
-94.7933
1.94667
Nota 69
1
-95.8133
1
Nota 70
0
-96.8333
1
Nota 71
1
-97.8733
1
Nota 72
0
-98.9
1
Nota 73
1
-99.9267
1
Nota 74
0
-100.94
1
Nota 75
1
-102.78
1.82667
Nota 76
2
-103.8
1
Nota 77
3
-104.82
1
Nota 78
2
-105.833
1
Nota 79
3
-106.873
1
Nota 80
2
-107.893
1
Nota 81
3
-108.913
1
Nota 82
2
-110
1
Nota 83
3
-111.027
1
Nota 84
2
-113.013
2.01333
Nota 85
1
-114.047
1
Nota 86
0
-115.067
1
Nota 87
1
-116.107
1
Nota 88
0
-117.12
1
Nota 89
1
-118.127
1
Nota 90
0
-119.14
1
Nota 91
1
-120.167
1
Nota 92
0
-121.2
1
Nota 93
1
-122.22
1
Nota 94
0
-123.24
1
Nota 95
2
-128.393
1
Nota 96
3
-129.433
1
Nota 97
2
-130.44
1
Nota 98
3
-131.473
1
Nota 99
2
-133.34
1.85333
Nota 100
2
-100.727
3.36
Nota 101
3
-97.3533
3.35332
Nota 102
1
-124
1
Nota 103
2
-124.413
1
Nota 104
3
-125
1
Nota 105
2
-125.62
1
Nota 106
1
-126
1
Nota 107
0
-126.52
1
Nota 108
1
-127.487
1
Nota 109
1
-134.353
1
Nota 110
0
-135.367
1
Nota 111
1
-136.387
1
Nota 112
0
-137.413
1
Nota 113
1
-139.373
1.93333
Nota 114
2
-140.387
1
Nota 115
3
-141.4
1
Nota 116
2
-142.4
1
Nota 117
3
-143.427
1
Nota 118
2
-144.473
1
Nota 119
3
-145.527
1
Nota 120
2
-145.54
-1.46002
Nota 121
2
-147.273
1.73999
Nota 122
1
-148.307
1
Nota 123
0
-149.32
1
Nota 124
1
-150.34
1
Nota 125
0
-151.347
1
Nota 126
1
-151.96
1
Nota 127
2
-152.48
1
Nota 128
3
-153
1
Nota 129
2
-153.72
1
Nota 130
1
-154
1
Nota 131
0
-154.347
1
Nota 132
1
-155.153
1
Nota 133
2
-156.487
1.99333
Nota 134
3
-157.527
1
Nota 135
2
-158.56
1
Nota 136
3
-159.647
1
Nota 137
2
-160.667
1
Nota 138
3
-161.68
1
Nota 139
2
-162.707
1
Nota 140
3
-163.727
1
Nota 141
2
-164.753
1
Nota 142
3
-165.787
1
Nota 143
2
-167.627
1.82668
Nota 144
1
-168.693
1
Nota 145
0
-169.713
1
Nota 146
1
-170.747
1
Nota 147
0
-171.773
1
Nota 148
1
-172.827
1
Nota 149
0
-173.84
1
Nota 150
1
-174.873
1
Nota 151
0
-175.887
1
Nota 152
1
-176.927
1
Nota 153
0
-177.947
1
Nota 154
1
-178.967
1
Nota 155
0
-180
1
Nota 156
1
-181.767
1.76666
Nota 157
2
-182.78
1
Nota 158
3
-183.8
1
Nota 159
2
-184.82
1
Nota 160
3
-185.833
1
Nota 161
2
-186.847
1
Nota 162
3
-187.867
1
Nota 163
2
-188.893
1
Nota 164
3
-189.9
1
Nota 165
2
-191.567
1.65334
Nota 166
1
-192.573
1
Nota 167
0
-193.073
1
Nota 168
1
-193.82
1
Nota 169
1
-196.08
1
Nota 170
0
-196.593
0.986649
Nota 171
2
-194.4
1
Nota 172
3
-194.953
1
Nota 173
2
-195.587
1
Nota 174
1
-198.333
1.69334
Nota 175
0
-199.34
1
Nota 176
1
-200.347
1
Nota 177
0
-201.353
1
Nota 178
1
-202.367
1
Nota 179
0
-203.387
1
Nota 180
1
-204.387
1
Nota 181
0
-205.4
0.973343
Nota 182
1
-207.047
1.62
Nota 183
2
-208.067
1
Nota 184
3
-209.073
1
Nota 185
2
-210.087
1
Nota 186
3
-211.107
1
Nota 187
2
-212.127
1
Nota 188
3
-213.14
1
Nota 189
2
-214.147
1
Nota 190
3
-215.167
1
Nota 191
2
-216.933
1.74666
Nota 192
1
-217.967
1
Nota 193
0
-219
1
Nota 194
1
-220
1
Nota 195
0
-221
1
Nota 196
1
-222
1
Nota 197
0
-223
1
Nota 198
1
-224
1
Nota 199
0
-225
1
Nota 200
1
-226.773
1.75334
Nota 201
2
-227.827
1
Nota 202
3
-228.84
1
Nota 203
2
-229.867
1
Nota 204
3
-230.907
1
Nota 205
2
-231.913
1
Nota 206
3
-232.907
1
Nota 207
2
-235.26
2.33333
Nota 208
1
-235.26
2.33333
Nota 209
0
-236.287
1
Nota 210
3
-236.26
1
Nota 211
2
-237
1
Nota 212
1
-237
1
Nota 213
3
-237.813
1
Nota 214
2
-238.267
1
Nota 215
1
-238.86
1
Nota 216
0
-239.44
1
Nota 217
1
-240
1
Nota 218
2
-240.52
1
Nota 219
3
-241
1
Nota 220
2
-241.713
1
Nota 221
1
-242.193
1
Nota 222
0
-243.2
1.67334
Nota 223
1
-244
1
Nota 224
2
-244.953
1
Nota 225
3
-245.813
1
Nota 226
2
-246.44
1
Nota 227
1
-246.927
1
Nota 228
0
-247.58
1
Nota 229
1
-248.233
1
Nota 230
2
-248.753
1
Nota 231
3
-249.22
0.979996
Nota 232
2
-250
0.940002
Nota 233
3
-254.807
1
Nota 234
2
-256
1.08
Nota 235
3
-257
1
Nota 236
2
-258.687
1.68668
Nota 237
1
-259.693
1
Nota 238
0
-260.733
1
Nota 239
1
-261.733
1
Nota 240
0
-262.753
1
Nota 241
1
-263.747
1
Nota 242
0
-264.767
1
Nota 243
1
-266.553
1.77335
Nota 244
1
-250.547
1
Nota 245
0
-251.213
1
Nota 246
1
-251.807
1
Nota 247
2
-252.4
1
Nota 248
3
-253
1
Nota 249
2
-253.687
1
Nota 250
2
-267.573
1
Nota 251
3
-268.587
1
Nota 252
2
-269.58
1
Nota 253
3
-270.593
1
Nota 254
2
-271.593
1
Nota 255
3
-272.607
1
Nota 256
2
-274.38
1.75998
Nota 257
1
-275
1
Nota 258
0
-275.547
1
Nota 259
1
-276.233
1
Nota 260
3
-277.153
1
Nota 261
2
-276.66
1
Nota 262
2
-277.873
1
Nota 263
1
-278.3
1
Nota 264
0
-278.667
1
Nota 265
1
-279.82
1
Nota 266
0
-281
1
Nota 267
1
-284.04
3.02667
Nota 268
2
-285.053
1
Nota 269
3
-286.073
1
Nota 270
2
-287.08
1
Nota 271
3
-288.12
1
Nota 272
2
-289.16
1
Nota 273
3
-290.18
1
Nota 274
2
-291.213
1
Nota 275
3
-292.24
1
Nota 276
2
-294.153
1.86667
Nota 277
1
-295.16
1
Nota 278
0
-296.16
1
Nota 279
1
-297.2
1
Nota 280
0
-298.227
1
Nota 281
1
-299.227
1
Nota 282
0
-300.233
1
Nota 283
1
-301.993
1.74664
Nota 284
2
-303
1
Nota 285
3
-304
1
Nota 286
2
-305
1
Nota 287
3
-306
1
Nota 288
2
-307
1
Nota 289
3
-308
1
Nota 290
2
-309
1
Nota 291
3
-310.04
1
Nota 292
2
-311.093
1
Nota 293
0
-313.453
2.32666
Nota 294
3
-312.153
1
Nota 295
3
-315.013
1
Nota 296
2
-313.567
1
Nota 297
2
-316.953
2.12665
Nota 298
1
-318
1
Nota 299
0
-319
1
Nota 300
1
-320
1
Nota 301
0
-321
1
Nota 302
1
-322
1
Nota 303
0
-323
1
Nota 304
1
-323.553
1
Nota 305
2
-324
1
Nota 306
3
-324.68
1
Nota 307
2
-325.327
1
Nota 308
1
-325.72
1
Nota 309
0
-326.38
1
Nota 310
1
-327.393
1
Nota 311
0
-328.413
1
Nota 312
1
-329.44
1
Nota 313
0
-330.46
1
Nota 314
1
-331.467
1
Nota 315
0
-332.493
1
Nota 316
1
-334.28
1.74002
Nota 317
2
-335.307
1
Nota 318
3
-336.347
1
Nota 319
2
-337.367
1
Nota 320
3
-338.387
1
Nota 321
2
-339.4
1
Nota 322
3
-340.433
1
Nota 323
2
-341.467
1
Nota 324
3
-342.527
1
Nota 325
2
-344.38
1.84668
Nota 326
1
-345.387
1
Nota 327
0
-346.38
1
Nota 328
1
-347.367
1
Nota 329
0
-348.4
1
Nota 330
1
-349.413
1
Nota 331
0
-350.393
1
Nota 332
1
-351.407
1
Nota 333
2
-352
1
Nota 334
3
-352.487
1
Nota 335
2
-353.3
1
Nota 336
1
-353.873
1
Nota 337
0
-354.307
1
Nota 338
1
-355
1
Nota 339
2
-355.44
1
Nota 340
3
-356
1
Nota 341
2
-357
1
Nota 342
3
-358
1
Nota 343
2
-359
1
Nota 344
3
-360
1
Nota 345
2
-361.847
1.84665
Nota 346
1
-362.86
1
Nota 347
0
-363.867
1
Nota 348
1
-364.887
1
Nota 349
0
-365.913
1
Nota 350
1
-367
1
Nota 351
0
-368
1
Nota 352
1
-369
1
Nota 353
0
-370
1
Nota 354
1
-370.513
1
Nota 355
2
-371
1
Nota 356
3
-371.547
1
Nota 357
2
-372.253
1
Nota 358
1
-373
1
Nota 359
0
-373.62
1
Nota 360
1
-374.36
1
Nota 361
2
-375
1
Nota 362
3
-375.687
1
Nota 363
2
-377
1
Nota 364
3
-378
1
Nota 365
0
-378
1
Nota 366
1
-379
1
Nota 367
2
-381
1.86667
Nota 368
3
-382.8
1.80002
Nota 369
2
-384.9
2.10001
Nota 370
3
-387.3
2.38669
Nota 371
2
-388.493
2.34003
Nota 372
0
-390.347
2.06665
Nota 373
1
-391
1
Nota 374
2
-392
1
Nota 375
1
-393
1
Nota 376
2
-394
1
Nota 377
1
-395
1
Nota 378
2
-396
1
Nota 379
1
-397
1
Nota 380
2
-398
1
Nota 381
1
-399
1
Nota 382
2
-400
1
Nota 383
1
-401
1
Nota 384
2
-402
1
Nota 385
1
-403
1
Nota 386
0
-403.493
1
Nota 387
1
-404.467
1
Nota 388
2
-405.147
1
Nota 389
3
-405.78
1
Nota 390
0
-340.08
2.24002
Nota 391
2
-409.507
3.72665
Nota 392
2
-38.2067
1
End
