BPS
4
Nota 0
1
-17.4356
1
Nota 1
1
-37
1
Nota 2
1
-46
1
Nota 3
1
-56
1
Nota 4
1
-63
1
Nota 5
1
-69
1
Nota 6
1
-72
1
Nota 7
1
-77
1
Nota 8
1
-83
1
Nota 9
1
-89
1
Nota 10
1
-98.2533
1
Nota 11
1
-102
1
Nota 12
1
-109
1
Nota 13
1
-115
1
Nota 14
1
-122
1
Nota 15
1
-128
1
Nota 16
1
-141
1
Nota 17
1
-144.356
1
Nota 18
1
-151
1
Nota 19
1
-154.911
1
Nota 20
1
-161
1
Nota 21
1
-167
1
Nota 22
1
-174
1
Nota 23
1
-180
1
Nota 24
1
-187
1
Nota 25
1
-193
1
Nota 26
1
-200
1
Nota 27
1
-207
1
Nota 28
1
-213.449
1
Nota 29
1
-226.316
1
Nota 30
1
-233
1
Nota 31
1
-239
1
Nota 32
1
-245.493
1
Nota 33
1
-262
1
Nota 34
1
-265.933
1
Nota 35
1
-279
1
Nota 36
1
-285
1
Nota 37
1
-291
1
Nota 38
1
-298
1
Nota 39
1
-307.916
1
Nota 40
1
-311
1
Nota 41
1
-317
1
Nota 42
1
-324
1
Nota 43
1
-331
1
Nota 44
1
-337
1
Nota 45
1
-344
1
Nota 46
1
-350
1
Nota 47
1
-356
1
Nota 48
1
-360
1
Nota 49
1
-363
1
Nota 50
1
-369
1
Nota 51
1
-376
1
Nota 52
1
-383
1
Nota 53
1
-389
1
Nota 54
1
-396
1
Nota 55
1
-402
1
Nota 56
1
-409
1
Nota 57
1
-411
1
Nota 58
1
-418
1
Nota 59
1
-423
1
Nota 60
1
-428
1
Nota 61
1
-435
1
Nota 62
1
-441
1
Nota 63
1
-448
1
Nota 64
1
-455
1
Nota 65
1
-464
1
Nota 66
1
-468
1
Nota 67
1
-475
1
Nota 68
1
-481
1
Nota 69
1
-487
1
Nota 70
1
-490
1
Nota 71
1
-500
1
Nota 72
1
-508
1
Nota 73
1
-516
1
Nota 74
1
-521
1
Nota 75
1
-526
1
Nota 76
1
-531
1
Nota 77
1
-539
1
Nota 78
1
-549
1
Nota 79
1
-555
1
Nota 80
1
-13.6444
1
Nota 81
1
-135.498
1
Nota 82
0
-143.116
1.89778
Nota 83
0
-149.836
1.56445
Nota 84
2
-147.831
2.96887
Nota 85
3
-147.836
2.97777
Nota 86
3
-153.578
2.24443
Nota 87
1
-210
1
Nota 88
0
-208.84
1.63112
Nota 89
1
-212.298
2.08888
Nota 90
1
-220
1
Nota 91
1
-253.618
1
Nota 92
0
-254.867
1
Nota 93
2
-256.133
1
Nota 94
2
-259.209
2.78223
Nota 95
3
-259.209
2.78665
Nota 96
0
-260.902
1.4711
Nota 97
3
-265.916
3.91556
Nota 98
0
-3.88444
2.20889
Nota 99
1
-5.60444
1.70222
Nota 100
2
-7.49777
1.87999
Nota 101
0
-12.5244
1.45778
Nota 102
2
-10.8622
2.86222
Nota 103
3
-10.8622
2.86222
Nota 104
3
-20.3378
6.60887
Nota 105
3
-1.47555
1
Nota 106
0
-24
3
Nota 107
1
-25.7511
1.64889
Nota 108
2
-27.8489
2.00444
Nota 109
1
-29.8133
1.8133
Nota 110
3
-31.68
1.68
Nota 111
2
-33.2667
1.36889
Nota 112
1
-34.8044
1.37333
Nota 113
0
-47.0436
12.0971
Nota 114
2
-44.5198
3.87537
Nota 115
3
-44.5198
3.87535
Nota 116
1
-50.3067
1
Nota 117
1
-49.0889
2.08889
Nota 118
2
-52.48
1.98222
Nota 119
3
-56.5333
2.53332
Nota 120
2
-58.9644
2.19552
Nota 121
0
-61.2933
2.17778
Nota 122
2
-65.3644
2.19995
Nota 123
3
-68.9245
3.43112
Nota 124
0
-70.9111
1.76888
Nota 125
1
-75.6711
3.42223
Nota 126
2
-95.4
2.6711
Nota 127
3
-95.4
2.67999
Nota 128
0
-97.1022
1.51556
Nota 129
1
-251.204
2.20445
Nota 130
1
-252.404
1
Nota 131
2
-267.093
1
Nota 132
1
-268.249
1
Nota 133
0
-269.387
1
Nota 134
0
-270.644
1
Nota 135
1
-271.8
1
Nota 136
2
-272.898
1
Nota 137
3
-282.662
9.66205
Nota 138
2
-285.116
2.11557
Nota 139
1
-287.009
2.00888
Nota 140
0
-289.324
2.32446
Nota 141
0
-290.898
1.41779
Nota 142
1
-292.538
1.52444
Nota 143
2
-294.782
2.12888
Nota 144
0
-301.506
6.6398
Nota 145
2
-304.884
2.88443
Nota 146
3
-304.88
2.88
Nota 147
0
-306.796
1.65332
End
