1
Execution Order
{
1
5
7
4
6
2
3
0
}
Draw Order
{
5
4
0
1
2
3
6
7
}
Elements
{
0
 
[
304
102
92
58
0
0
0.25
0.25
42.4831
3
455
272
357
233
]
1
 
[
308
102
0
0
0
0
0.25
0.25
-13.2932
-1
455
272
357
233
]
2
 
[
304
100
93.464
73.5347
0
0
0.25
0.25
31.1841
1
455
272
357
233
]
3
 
[
302
108
65.081
71.5446
0
0
0.25
0.25
20.2507
2
455
272
357
233
]
4
 
[
117
27
109
119
0
0
0.25
0.25
0
1
89
982
160
187
]
5
 
[
108
25
224
181
0
0
0.25
0.25
0
1
89
982
160
187
]
6
 
[
125
256
38
146.4
0
0
0.1
0.1
127.307
4
497
582
482
530
]
7
 
[
135
252
46
156.8
0
0
0.1
0.1
102.942
5
497
582
482
530
]
}
