1
Execution Order
{
0
6
7
5
8
4
3
2
1
10
9
}
Draw Order
{
4
7
6
8
5
10
2
0
1
9
3
}
Elements
{
0
Body
[
227
227
0
0
0
0
0.25
0.25
0
-1
22
507
476
474
]
1
Head
[
181
350
119.5
61.2109
0
0
0.25
0.25
0
0
56
41
339
430
]
2
Tail
[
93
276
424.609
262.406
0
0
0.25
0.25
0
0
528
555
455
524
]
3
FrontArm
[
297
121
274.266
191.656
0
0
0.25
0.25
0
0
466
255
343
249
]
4
BackArm
[
297
115
137.188
196.078
0
0
0.25
0.25
0
0
466
255
343
249
]
5
FrontLeg
[
109
27
377
415
0
0
0.25
0.25
0
0
101
973
129
193
]
6
BackLeg
[
111
32
254.367
381.797
0
0
0.25
0.25
0
0
101
973
129
193
]
7
BackShoe
[
152
25
28
165
0
0
0.25
0.25
0
6
16
1204
241
216
]
8
FrontShoe
[
152
25
28
165
0
0
0.25
0.25
0
5
16
1204
241
216
]
9
FrontBigode
[
44
40
131.93
321.594
0
0
0.25
0.25
0
1
805
37
126
149
]
10
BackBigode
[
35
37
75
305
0
0
0.25
0.25
30.5863
1
805
37
126
149
]
}
