BPS
4
Nota 0
2
-22.7933
2.24667
Nota 1
1
-24.0467
1.24
Nota 2
0
-25.06
1
Nota 3
1
-26.3133
1.23333
Nota 4
0
-27.3267
1
Nota 5
2
-29.3267
1.98667
Nota 6
1
-30.62
1.28
Nota 7
0
-31.6333
1
Nota 8
1
-32.8933
1.24667
Nota 9
0
-33.9133
1
Nota 10
2
-35.9
1.96666
Nota 11
1
-37.18
1.26667
Nota 12
0
-38.2
1
Nota 13
1
-39.46
1.25333
Nota 14
0
-40.48
1
Nota 15
2
-42.3467
1.83334
Nota 16
1
-43.6133
1.25333
Nota 17
0
-44.6267
1
Nota 18
3
-45.44
0.75333
Nota 19
3
-46.3
0.706669
Nota 20
3
-47.2267
0.693333
Nota 21
3
-49.18
1.75333
Nota 22
3
-50.1467
0.780003
Nota 23
3
-51.1267
0.786667
Nota 24
3
-52.1533
0.793331
Nota 25
3
-55.9
3.56667
Nota 26
3
-56.82
0.733334
Nota 27
3
-57.78
0.773331
Nota 28
3
-58.76
0.766666
Nota 29
3
-63.22
4.22001
Nota 30
2
-67.66
3.93333
Nota 31
0
-67.68
3.90667
Nota 32
1
-68.8933
1
Nota 33
2
-71.1533
1.82
Nota 34
1
-72.8933
1.72
Nota 35
2
-75.7867
2.56667
End
