1
Execution Order
{
0
6
7
8
2
4
1
3
5
}
Draw Order
{
0
6
7
8
2
4
1
3
5
}
Elements
{
0
Chapeu
[
272
400
0
0
0
0
0.25
0.25
-340.452
-1
167
-1
591
522
]
1
Cabeca
[
136
392
0
0
0
0
0.25
0.25
0
-1
787
8
296
432
]
2
 bigode frente
[
0
0
0
0
0
0
-0.25
0.25
0
-1
685
530
87
142
]
3
 bigode atras
[
0
0
0
0
0
0
0.25
0.25
0
-1
685
530
87
142
]
4
 corpo
[
136
221
0
0
0
0
0.25
0.25
-358.841
-1
765
458
450
524
]
5
 braco frente
[
0
0
0
0
0
0
0.25
0.25
0
-1
403
661
197
331
]
6
 braco atras
[
429
352
0
0
0
0
0.25
0.25
1.63463
-1
1
509
385
413
]
7
 pe frente
[
0
0
0
0
0
0
-0.25
0.25
0
-1
298
948
-299
120
]
8
 pe atras
[
0
0
0
0
0
0
-0.25
0.25
0
-1
298
948
-299
120
]
}
