1
Execution Order
{
0
5
8
7
6
4
3
2
1
}
Draw Order
{
4
2
1
0
3
5
6
7
8
}
Elements
{
0
Body
[
461
590
0
0
0
0
0.25
0.25
0
-1
1167
468
1109
1062
]
1
FrontLeg
[
774
316
870
980
0
0
0.25
0.25
0
0
54
1410
1070
992
]
2
BackLeg
[
774
316
670
908
0
0
0.25
0.25
0
0
54
1410
1070
992
]
3
FrontArm
[
121
183
407.219
489.031
0
0
0.25
0.25
0
0
54
656
687
687
]
4
BackArm
[
121
183
255
510
0
0
0.25
0.25
0
0
54
656
687
687
]
5
Head
[
418
550
356.437
172.625
0
0
0.25
0.25
0
0
410
-50
749
652
]
6
BackEyebrown
[
97
83
225
251
0
0
0.25
0.25
0
5
31
124
164
140
]
7
FrontEyebrown
[
105
90
417
250
0
0
0.25
0.25
0
5
199
109
207
156
]
8
Biko
[
230
117
310
445
0
0
0.25
0.25
0
5
19
273
332
230
]
}
