1
Execution Order
{
0
5
4
3
2
1
6
9
8
7
}
Draw Order
{
3
5
4
0
1
9
6
7
8
2
}
Elements
{
0
Body
[
242
315
0
0
0
0
0.25
0.25
0
-1
542
32
702
621
]
1
Head
[
215
284
177.062
55.3438
0
0
0.25
0.25
0
0
18
14
446
387
]
2
FrontArm
[
75
50
211
190
0
0
0.25
0.25
0
0
50
708
406
440
]
3
BackArm
[
75
50
156.75
171.125
0
0
0.25
0.25
0
0
50
708
406
440
]
4
FrontLeg
[
354
203
418.781
514.406
0
0
0.25
0.25
0
0
564
678
526
580
]
5
BackLeg
[
365
165
323.312
414.875
0
0
0.25
0.25
0
0
564
678
526
580
]
6
Biko
[
124
57
164
229
0
0
0.25
0.25
0
1
56
489
168
142
]
7
BackEyebrow
[
38
45
22
-19
0
0
0.25
0.25
0
9
268
432
85
75
]
8
FrontEyebrow
[
63
59
179
-29
0
0
0.25
0.25
0
9
379
416
109
87
]
9
Eyes
[
89
55
149
207
0
0
0.25
0.25
0
1
280
544
192
81
]
}
